1.00 0.50 0.33 0.25 0.20 0.17 0.14 0.12 0.11 0.10 1
0.50 0.33 0.25 0.20 0.17 0.14 0.12 0.11 0.10 0.09 0
0.33 0.25 0.20 0.17 0.14 0.12 0.11 0.10 0.09 0.08 0
0.25 0.20 0.17 0.14 0.12 0.11 0.10 0.09 0.08 0.08 0
0.20 0.17 0.14 0.12 0.11 0.10 0.09 0.08 0.08 0.07 0
0.17 0.14 0.12 0.11 0.10 0.09 0.08 0.08 0.07 0.07 0
0.14 0.12 0.11 0.10 0.09 0.08 0.08 0.07 0.07 0.06 0
0.12 0.11 0.10 0.09 0.08 0.08 0.07 0.07 0.06 0.06 0
0.11 0.10 0.09 0.08 0.08 0.07 0.07 0.06 0.06 0.06 0
0.10 0.09 0.08 0.08 0.07 0.07 0.06 0.06 0.06 0.05 0
